2001 0000000000000002 4096 0 /addressbook
2001 0000000000000003 4096 0 /calendars
2001 0000000000000005 4096 0 /mail
2001 0000000000000006 4096 0 /mail/INBOX
2001 0000000000000007 4096 0 /mail/drafts
2001 0000000000000008 4096 0 /mail/archives
2001 0000000000000009 4096 0 /addressbook/personal
2001 000000000000000a 4096 0 /addressbook/collected
2001 000000000000000b 4096 0 /preferences
2001 000000000000000c 4096 0 /conversations
2001 000000000000000d 4096 0 /events
2001 000000000000000f 4096 0 /calendars/personal
2001 0000000000000010 4096 0 /mail/Trash
2001 00000000000000a9 4096 0 /mail/Drafts
2001 0000000000000e28 4096 0 /mail/Sent
2001 0000000000000e2d 4096 0 /mail/Ubuntu-Bugs
2001 0000000000001506 4096 0 /mail/Ubuntu-Universe
2001 0000000000001535 4096 0 /mail/Ubuntu-Desktop
2001 00000000000015e1 4096 0 /mail/Ubuntu-Patches
2001 0000000000002515 4096 0 /mail/gcc
2001 0000000000002519 4096 0 /mail/cygwin
2001 00000000000054e2 4096 0 /mail/mailscanner
2001 0000000000005505 4096 0 /mail/freecycle
2001 0000000000087651 4096 0 /mail/Test
1000 OK
