2001 00000000000053dd 2 0 00000000 1270121509 3880 /mail/INBOX/bongo-00000000000053dd
2001 0000000000082069 2 0 0001d007 0 33633 /mail/INBOX/bongo-0000000000082069
2001 0000000000083dda 2 0 0001d00a 0 2614 /mail/INBOX/bongo-0000000000083dda
2001 0000000000083e6b 2 0 0001d00b 0 2306 /mail/INBOX/bongo-0000000000083e6b
2001 0000000000083f10 2 0 0001d00c 0 2416 /mail/INBOX/bongo-0000000000083f10
2001 0000000000083f96 2 0 0001d00d 0 39471 /mail/INBOX/bongo-0000000000083f96
2001 0000000000083ff1 2 0 0001d00e 0 3650 /mail/INBOX/bongo-0000000000083ff1
2001 0000000000083ff2 2 0 0001d00f 0 3043 /mail/INBOX/bongo-0000000000083ff2
2001 0000000000083ffe 2 0 0001d010 0 2879 /mail/INBOX/bongo-0000000000083ffe
2001 00000000000840e1 2 0 0001d011 0 387584 /mail/INBOX/bongo-00000000000840e1
2001 000000000008412c 2 0 0001d012 0 2628 /mail/INBOX/bongo-000000000008412c
2001 00000000000841f1 2 0 0001d013 0 27507 /mail/INBOX/bongo-00000000000841f1
2001 0000000000084321 2 0 0001d014 0 3913 /mail/INBOX/bongo-0000000000084321
2001 0000000000084322 2 0 0001d015 0 2277 /mail/INBOX/bongo-0000000000084322
2001 000000000008432b 2 0 0001d016 0 4847 /mail/INBOX/bongo-000000000008432b
2001 000000000008436c 2 0 0001d017 0 4345 /mail/INBOX/bongo-000000000008436c
2001 000000000008438c 2 0 0001d018 0 3430 /mail/INBOX/bongo-000000000008438c
2001 000000000008438e 2 0 0001d019 0 4278 /mail/INBOX/bongo-000000000008438e
2001 0000000000084500 2 0 0001d01a 0 861 /mail/INBOX/bongo-0000000000084500
2001 000000000008476d 2 0 0001d01b 0 5395 /mail/INBOX/bongo-000000000008476d
2001 000000000008477c 2 0 0001d01c 0 5543 /mail/INBOX/bongo-000000000008477c
2001 0000000000084921 2 0 0001d01d 0 857 /mail/INBOX/bongo-0000000000084921
2001 00000000000849b8 2 0 0001d01e 0 8218 /mail/INBOX/bongo-00000000000849b8
2001 0000000000084a2f 2 0 0001d01f 0 4142 /mail/INBOX/bongo-0000000000084a2f
2001 0000000000084a7a 2 0 0001d020 0 3940 /mail/INBOX/bongo-0000000000084a7a
2001 0000000000084ac1 2 0 0001d021 0 860 /mail/INBOX/bongo-0000000000084ac1
2001 0000000000084b10 2 0 0001d022 0 297290 /mail/INBOX/bongo-0000000000084b10
2001 0000000000084b41 2 0 0001d023 0 2648 /mail/INBOX/bongo-0000000000084b41
2001 0000000000084b71 2 0 0001d024 0 4459 /mail/INBOX/bongo-0000000000084b71
2001 0000000000084ba0 2 0 0001d025 0 2109 /mail/INBOX/bongo-0000000000084ba0
2001 0000000000084d15 2 0 0001d026 0 868 /mail/INBOX/bongo-0000000000084d15
2001 0000000000084d7c 2 0 0001d027 0 2474 /mail/INBOX/bongo-0000000000084d7c
2001 0000000000084e19 2 0 0001d028 0 29374 /mail/INBOX/bongo-0000000000084e19
2001 0000000000084e1f 2 0 0001d029 0 8927 /mail/INBOX/bongo-0000000000084e1f
2001 0000000000084ea4 2 0 0001d02a 0 2889 /mail/INBOX/bongo-0000000000084ea4
2001 0000000000084ecd 2 0 0001d02b 0 3886 /mail/INBOX/bongo-0000000000084ecd
2001 0000000000084f40 2 0 0001d02c 0 855 /mail/INBOX/bongo-0000000000084f40
2001 000000000008519f 2 0 0001d02d 0 3576 /mail/INBOX/bongo-000000000008519f
2001 00000000000851a0 2 0 0001d02e 0 4210 /mail/INBOX/bongo-00000000000851a0
2001 0000000000085209 2 0 0001d02f 0 869 /mail/INBOX/bongo-0000000000085209
2001 000000000008522b 2 0 0001d030 0 2966 /mail/INBOX/bongo-000000000008522b
2001 0000000000085243 2 0 0001d031 0 4356 /mail/INBOX/bongo-0000000000085243
2001 0000000000085276 2 0 0001d032 0 4272 /mail/INBOX/bongo-0000000000085276
2001 000000000008529d 2 0 0001d033 0 6554 /mail/INBOX/bongo-000000000008529d
2001 00000000000853c3 2 0 0001d034 0 2725 /mail/INBOX/bongo-00000000000853c3
2001 000000000008543e 2 0 0001d035 0 851 /mail/INBOX/bongo-000000000008543e
2001 00000000000854b6 2 0 0001d036 0 3620 /mail/INBOX/bongo-00000000000854b6
2001 00000000000854e5 2 0 0001d037 0 3082 /mail/INBOX/bongo-00000000000854e5
2001 0000000000085575 2 0 0001d038 0 3674 /mail/INBOX/bongo-0000000000085575
2001 0000000000085582 2 0 0001d039 0 3345 /mail/INBOX/bongo-0000000000085582
2001 00000000000855be 2 0 0001d03a 0 3278 /mail/INBOX/bongo-00000000000855be
2001 00000000000855e5 2 0 0001d03b 0 6314 /mail/INBOX/bongo-00000000000855e5
2001 000000000008566b 2 0 0001d03c 0 4970 /mail/INBOX/bongo-000000000008566b
2001 0000000000085679 2 0 0001d03d 0 867 /mail/INBOX/bongo-0000000000085679
2001 0000000000085799 2 0 0001d03e 0 3488 /mail/INBOX/bongo-0000000000085799
2001 00000000000857a4 2 0 0001d03f 0 4872 /mail/INBOX/bongo-00000000000857a4
2001 000000000008589f 2 0 0001d040 0 2704 /mail/INBOX/bongo-000000000008589f
2001 00000000000858a0 2 0 0001d041 0 2770 /mail/INBOX/bongo-00000000000858a0
2001 00000000000858e5 2 0 0001d042 0 3838 /mail/INBOX/bongo-00000000000858e5
2001 00000000000858f2 2 0 0001d043 0 32025 /mail/INBOX/bongo-00000000000858f2
2001 0000000000085901 2 0 0001d044 0 7300 /mail/INBOX/bongo-0000000000085901
2001 0000000000085937 2 0 0001d045 0 4107 /mail/INBOX/bongo-0000000000085937
2001 00000000000859f8 2 0 0001d046 0 852 /mail/INBOX/bongo-00000000000859f8
2001 0000000000085bcc 2 0 0001d047 0 4081 /mail/INBOX/bongo-0000000000085bcc
2001 0000000000085c3f 2 0 0001d048 0 2209 /mail/INBOX/bongo-0000000000085c3f
2001 0000000000085d1a 2 0 0001d049 0 840 /mail/INBOX/bongo-0000000000085d1a
2001 0000000000085d90 2 0 0001d04a 0 3186 /mail/INBOX/bongo-0000000000085d90
2001 0000000000085d94 2 0 0001d04b 0 3599 /mail/INBOX/bongo-0000000000085d94
2001 0000000000085e98 2 0 0001d04c 0 3750 /mail/INBOX/bongo-0000000000085e98
2001 0000000000086024 2 0 0001d04d 0 6412 /mail/INBOX/bongo-0000000000086024
2001 000000000008602b 2 0 0001d04e 0 869 /mail/INBOX/bongo-000000000008602b
2001 00000000000860da 2 0 0001d04f 0 4501 /mail/INBOX/bongo-00000000000860da
2001 000000000008611b 2 0 0001d050 0 3263 /mail/INBOX/bongo-000000000008611b
2001 000000000008634a 2 0 0001d051 0 2964 /mail/INBOX/bongo-000000000008634a
2001 0000000000086445 2 0 0001d052 0 2427 /mail/INBOX/bongo-0000000000086445
2001 000000000008649d 2 0 0001d053 0 871 /mail/INBOX/bongo-000000000008649d
2001 0000000000086830 2 0 0001d054 0 9396 /mail/INBOX/bongo-0000000000086830
2001 00000000000868cb 2 0 0001d055 0 30253 /mail/INBOX/bongo-00000000000868cb
2001 0000000000086b71 2 0 0001d056 0 866 /mail/INBOX/bongo-0000000000086b71
2001 0000000000086bab 2 0 0001d057 0 4472 /mail/INBOX/bongo-0000000000086bab
2001 0000000000086bf6 2 0 0001d058 0 31227 /mail/INBOX/bongo-0000000000086bf6
2001 0000000000086d39 2 0 0001d059 0 3378 /mail/INBOX/bongo-0000000000086d39
2001 0000000000086ef6 2 0 0001d05a 0 4416 /mail/INBOX/bongo-0000000000086ef6
2001 0000000000086f86 2 0 0001d05b 0 868 /mail/INBOX/bongo-0000000000086f86
2001 000000000008705a 2 0 0001d05c 0 4322 /mail/INBOX/bongo-000000000008705a
2001 000000000008709b 2 0 0001d05d 0 8819 /mail/INBOX/bongo-000000000008709b
2001 00000000000870a9 2 0 0001d05e 0 3852 /mail/INBOX/bongo-00000000000870a9
2001 0000000000087299 2 0 0001d05f 0 4936 /mail/INBOX/bongo-0000000000087299
2001 00000000000872c9 2 0 0001d060 0 2428 /mail/INBOX/bongo-00000000000872c9
2001 000000000008739b 2 0 0001d061 0 9761 /mail/INBOX/bongo-000000000008739b
2001 00000000000873d3 2 0 0001d062 0 5680 /mail/INBOX/bongo-00000000000873d3
2001 00000000000874c6 2 0 0001d063 0 3362 /mail/INBOX/bongo-00000000000874c6
2001 00000000000874c8 2 0 0001d064 0 4334 /mail/INBOX/bongo-00000000000874c8
2001 0000000000087500 2 0 0001d065 0 870 /mail/INBOX/bongo-0000000000087500
2001 00000000000876d9 2 0 0001d066 0 4516 /mail/INBOX/bongo-00000000000876d9
2001 0000000000087700 2 0 0001d067 0 3146 /mail/INBOX/bongo-0000000000087700
2001 000000000008771d 2 0 0001d068 0 3170 /mail/INBOX/bongo-000000000008771d
2001 0000000000087730 2 0 0001d069 1280798650 3674 /mail/INBOX/bongo-0000000000087730
2001 0000000000087736 2 0 0001d06a 1280798797 3242 /mail/INBOX/bongo-0000000000087736
2001 0000000000087748 2 0 0001d06b 1280799137 4906 /mail/INBOX/bongo-0000000000087748
2001 000000000008774e 2 0 0001d06c 1280799430 4131 /mail/INBOX/bongo-000000000008774e
2001 0000000000087757 2 0 0001d06d 1280799556 3539 /mail/INBOX/bongo-0000000000087757
2001 0000000000087769 2 0 0001d06e 1280800090 3078 /mail/INBOX/bongo-0000000000087769
2001 000000000008776c 2 0 0001d06f 1280800286 4168 /mail/INBOX/bongo-000000000008776c
2001 000000000008777b 2 0 0001d070 1280800987 4371 /mail/INBOX/bongo-000000000008777b
2001 000000000008777c 2 0 0001d071 1280801004 3362 /mail/INBOX/bongo-000000000008777c
2001 000000000008777d 2 0 0001d072 1280801006 2850 /mail/INBOX/bongo-000000000008777d
2001 0000000000087783 2 0 0001d073 1280801071 2967 /mail/INBOX/bongo-0000000000087783
2001 0000000000087786 2 0 0001d074 1280801302 4609 /mail/INBOX/bongo-0000000000087786
2001 0000000000087787 2 0 0001d075 1280801346 4472 /mail/INBOX/bongo-0000000000087787
2001 00000000000877a4 2 0 0001d076 1280802827 4097 /mail/INBOX/bongo-00000000000877a4
2001 00000000000877a6 2 0 0001d077 1280802921 2390 /mail/INBOX/bongo-00000000000877a6
2001 00000000000877ac 2 0 0001d078 1280803331 3572 /mail/INBOX/bongo-00000000000877ac
2001 00000000000877c8 2 0 0001d079 1280805303 3843 /mail/INBOX/bongo-00000000000877c8
2001 00000000000877c9 2 0 0001d07a 1280805407 3635 /mail/INBOX/bongo-00000000000877c9
2001 00000000000877d2 2 0 0001d07b 1280805783 3838 /mail/INBOX/bongo-00000000000877d2
2001 00000000000877f3 2 0 0001d07c 1280808721 850 /mail/INBOX/bongo-00000000000877f3
2001 00000000000877f6 2 0 0001d07d 1280809470 3671 /mail/INBOX/bongo-00000000000877f6
2001 00000000000877ff 2 0 0001d07e 1280812289 3238 /mail/INBOX/bongo-00000000000877ff
2001 0000000000087802 2 0 0001d07f 1280813988 4789 /mail/INBOX/bongo-0000000000087802
2001 000000000008780b 2 0 0001d080 1280816285 3996 /mail/INBOX/bongo-000000000008780b
2001 000000000008780d 2 0 0001d081 1280819659 869 /mail/INBOX/bongo-000000000008780d
2001 000000000008780f 2 0 0001d082 1280824868 3342 /mail/INBOX/bongo-000000000008780f
2001 0000000000087811 2 0 0001d083 1280825456 4671 /mail/INBOX/bongo-0000000000087811
2001 0000000000087817 2 0 0001d084 1280825839 3834 /mail/INBOX/bongo-0000000000087817
2001 0000000000087818 2 0 0001d085 1280826355 4032 /mail/INBOX/bongo-0000000000087818
2001 0000000000087819 2 0 0001d086 1280828008 4759 /mail/INBOX/bongo-0000000000087819
2001 000000000008781a 2 0 0001d087 1280828327 3526 /mail/INBOX/bongo-000000000008781a
2001 000000000008781d 2 0 0001d088 1280828510 3981 /mail/INBOX/bongo-000000000008781d
2001 000000000008781f 2 0 0001d089 1280829189 868 /mail/INBOX/bongo-000000000008781f
2001 0000000000087820 2 0 0001d08a 1280830213 4371 /mail/INBOX/bongo-0000000000087820
2001 0000000000087827 2 0 0001d08b 1280835526 3148 /mail/INBOX/bongo-0000000000087827
2001 000000000008782b 2 0 0001d08c 1280838858 852 /mail/INBOX/bongo-000000000008782b
2001 000000000008783f 2 0 0001d08d 1280851939 6930 /mail/INBOX/bongo-000000000008783f
2001 0000000000087840 2 0 0001d08e 1280852157 2284 /mail/INBOX/bongo-0000000000087840
2001 0000000000087841 2 0 0001d08f 1280852455 3658 /mail/INBOX/bongo-0000000000087841
2001 0000000000087842 2 0 0001d090 1280852564 5071 /mail/INBOX/bongo-0000000000087842
2001 0000000000087844 2 0 0001d091 1280853555 7700 /mail/INBOX/bongo-0000000000087844
2001 000000000008784a 2 0 0001d092 1280856583 4156 /mail/INBOX/bongo-000000000008784a
2001 0000000000087852 2 0 0001d093 1280860576 4248 /mail/INBOX/bongo-0000000000087852
2001 0000000000087853 2 0 0001d094 1280860946 748 /mail/INBOX/bongo-0000000000087853
2001 0000000000087855 2 0 0001d095 1280861185 3793 /mail/INBOX/bongo-0000000000087855
2001 0000000000087856 2 0 0001d096 1280861350 3538 /mail/INBOX/bongo-0000000000087856
2001 0000000000087859 2 0 0001d097 1280865531 5325 /mail/INBOX/bongo-0000000000087859
2001 000000000008785c 2 0 0001d098 1280874134 3569 /mail/INBOX/bongo-000000000008785c
2001 000000000008785d 2 0 0001d099 1280875106 4136 /mail/INBOX/bongo-000000000008785d
2001 0000000000087862 2 0 0001d09a 1280876183 2361 /mail/INBOX/bongo-0000000000087862
2001 0000000000087866 2 0 0001d09b 1280889568 852 /mail/INBOX/bongo-0000000000087866
2001 0000000000087867 2 0 0001d09c 1280894179 5742 /mail/INBOX/bongo-0000000000087867
2001 0000000000087869 2 0 0001d09d 1280902300 868 /mail/INBOX/bongo-0000000000087869
2001 000000000008786a 2 0 0001d09e 1280906514 4152 /mail/INBOX/bongo-000000000008786a
2001 000000000008786b 2 0 0001d09f 1280906635 3867 /mail/INBOX/bongo-000000000008786b
2001 0000000000087878 2 0 0001d0a0 1280911143 10072 /mail/INBOX/bongo-0000000000087878
2001 0000000000087879 2 0 0001d0a1 1280912295 845 /mail/INBOX/bongo-0000000000087879
2001 000000000008787a 2 0 0001d0a2 1280912313 2206 /mail/INBOX/bongo-000000000008787a
2001 000000000008787c 2 0 0001d0a3 1280913369 2280 /mail/INBOX/bongo-000000000008787c
2001 000000000008787d 2 0 0001d0a4 1280914432 3272 /mail/INBOX/bongo-000000000008787d
2001 000000000008787f 2 0 0001d0a5 1280914544 3290 /mail/INBOX/bongo-000000000008787f
2001 0000000000087882 2 0 0001d0a6 1280915533 2686 /mail/INBOX/bongo-0000000000087882
2001 0000000000087883 2 0 0001d0a7 1280916203 4525 /mail/INBOX/bongo-0000000000087883
2001 0000000000087884 2 0 0001d0a8 1280916594 4147 /mail/INBOX/bongo-0000000000087884
2001 0000000000087885 2 0 0001d0a9 1280919348 3561 /mail/INBOX/bongo-0000000000087885
2001 0000000000087886 2 0 0001d0aa 1280920077 1983 /mail/INBOX/bongo-0000000000087886
2001 0000000000087889 2 0 0001d0ab 1280921826 3289 /mail/INBOX/bongo-0000000000087889
2001 000000000008788e 2 0 0001d0ac 1280923380 3487 /mail/INBOX/bongo-000000000008788e
2001 0000000000087890 2 0 0001d0ad 1280925063 2836 /mail/INBOX/bongo-0000000000087890
2001 0000000000087898 2 0 0001d0ae 1280927454 4572 /mail/INBOX/bongo-0000000000087898
2001 00000000000878a0 2 0 0001d0af 1280930985 853 /mail/INBOX/bongo-00000000000878a0
2001 00000000000878c0 2 0 0001d0b0 1280940422 3764 /mail/INBOX/bongo-00000000000878c0
2001 00000000000878c1 2 0 0001d0b1 1280940641 854 /mail/INBOX/bongo-00000000000878c1
2001 00000000000878c2 2 0 0001d0b2 1280941618 3969 /mail/INBOX/bongo-00000000000878c2
2001 00000000000878c6 2 0 0001d0b3 1280943342 3281 /mail/INBOX/bongo-00000000000878c6
2001 00000000000878c9 2 0 0001d0b4 1280947033 4332 /mail/INBOX/bongo-00000000000878c9
2001 00000000000878cf 2 0 0001d0b5 1280947641 4436 /mail/INBOX/bongo-00000000000878cf
2001 00000000000878d0 2 0 0001d0b6 1280947737 2705 /mail/INBOX/bongo-00000000000878d0
2001 00000000000878d1 2 0 0001d0b7 1280948188 3468 /mail/INBOX/bongo-00000000000878d1
2001 00000000000878d3 2 0 0001d0b8 1280948352 3909 /mail/INBOX/bongo-00000000000878d3
2001 00000000000878e4 2 0 0001d0b9 1280951779 868 /mail/INBOX/bongo-00000000000878e4
2001 00000000000878e6 2 0 0001d0ba 1280952253 4122 /mail/INBOX/bongo-00000000000878e6
2001 00000000000878e7 2 0 0001d0bb 1280953512 3845 /mail/INBOX/bongo-00000000000878e7
2001 00000000000878e8 2 0 0001d0bc 1280954567 10747 /mail/INBOX/bongo-00000000000878e8
2001 00000000000878ea 2 0 0001d0bd 1280955182 3876 /mail/INBOX/bongo-00000000000878ea
2001 00000000000878ef 2 0 0001d0be 1280955955 2190 /mail/INBOX/bongo-00000000000878ef
2001 00000000000878f0 2 0 0001d0bf 1280956359 4677 /mail/INBOX/bongo-00000000000878f0
2001 00000000000878f6 2 0 0001d0c0 1280958781 3404 /mail/INBOX/bongo-00000000000878f6
2001 00000000000878f8 2 0 0001d0c1 1280963308 3647 /mail/INBOX/bongo-00000000000878f8
2001 00000000000878f9 2 0 0001d0c2 1280968626 852 /mail/INBOX/bongo-00000000000878f9
2001 00000000000878fa 2 0 0001d0c3 1280977800 3520 /mail/INBOX/bongo-00000000000878fa
2001 00000000000878fd 2 0 0001d0c4 1280984408 866 /mail/INBOX/bongo-00000000000878fd
2001 00000000000878fe 2 0 0001d0c5 1280984438 4394 /mail/INBOX/bongo-00000000000878fe
2001 00000000000878ff 2 0 0001d0c6 1280990465 3843 /mail/INBOX/bongo-00000000000878ff
2001 0000000000087900 2 0 0001d0c7 1280990914 3330 /mail/INBOX/bongo-0000000000087900
2001 0000000000087911 2 0 0001d0c8 1281004706 870 /mail/INBOX/bongo-0000000000087911
2001 0000000000087912 2 0 0001d0c9 1281007608 3792 /mail/INBOX/bongo-0000000000087912
2001 0000000000087915 2 0 0001d0ca 1281014797 863 /mail/INBOX/bongo-0000000000087915
2001 0000000000087921 2 0 0001d0cb 1281023147 3110 /mail/INBOX/bongo-0000000000087921
2001 000000000008792b 2 0 0001d0cc 1281027110 4597 /mail/INBOX/bongo-000000000008792b
2001 000000000008793f 2 0 0001d0cd 1281032824 3152 /mail/INBOX/bongo-000000000008793f
2001 000000000008794f 2 0 0001d0ce 1281036865 2061 /mail/INBOX/bongo-000000000008794f
2001 0000000000087951 2 0 0001d0cf 1281038469 3782 /mail/INBOX/bongo-0000000000087951
2001 0000000000087952 2 0 0001d0d0 1281038759 2391 /mail/INBOX/bongo-0000000000087952
2001 0000000000087953 2 0 0001d0d1 1281038913 2303 /mail/INBOX/bongo-0000000000087953
2001 0000000000087956 2 0 0001d0d2 1281039520 2988 /mail/INBOX/bongo-0000000000087956
2001 0000000000087957 2 0 0001d0d3 1281039723 3430 /mail/INBOX/bongo-0000000000087957
2001 0000000000087965 2 0 0001d0d4 1281053978 867 /mail/INBOX/bongo-0000000000087965
2001 000000000008796a 2 0 0001d0d5 1281073216 2682 /mail/INBOX/bongo-000000000008796a
2001 000000000008796f 2 0 0001d0d6 1281080246 848 /mail/INBOX/bongo-000000000008796f
2001 000000000008797a 2 0 0001d0d7 1281089348 5324 /mail/INBOX/bongo-000000000008797a
2001 000000000008798a 2 0 0001d0d8 1281098850 3576 /mail/INBOX/bongo-000000000008798a
2001 000000000008798f 2 0 0001d0d9 1281100486 845 /mail/INBOX/bongo-000000000008798f
2001 000000000008799f 2 0 0001d0da 1281102818 2606 /mail/INBOX/bongo-000000000008799f
2001 00000000000879ae 2 0 0001d0db 1281107139 2832 /mail/INBOX/bongo-00000000000879ae
2001 00000000000879af 2 0 0001d0dc 1281107738 3538 /mail/INBOX/bongo-00000000000879af
2001 00000000000879b0 2 0 0001d0dd 1281108150 3313 /mail/INBOX/bongo-00000000000879b0
2001 00000000000879b1 2 0 0001d0de 1281108748 3982 /mail/INBOX/bongo-00000000000879b1
2001 00000000000879b2 2 0 0001d0df 1281110331 869 /mail/INBOX/bongo-00000000000879b2
2001 00000000000879bb 2 0 0001d0e0 1281115479 3281 /mail/INBOX/bongo-00000000000879bb
2001 00000000000879bc 2 0 0001d0e1 1281115508 3823 /mail/INBOX/bongo-00000000000879bc
2001 00000000000879c1 2 0 0001d0e2 1281117085 4575 /mail/INBOX/bongo-00000000000879c1
2001 00000000000879c4 2 0 0001d0e3 1281118818 5025 /mail/INBOX/bongo-00000000000879c4
2001 00000000000879c7 2 0 0001d0e4 1281119478 3629 /mail/INBOX/bongo-00000000000879c7
2001 00000000000879c9 2 0 0001d0e5 1281120131 3739 /mail/INBOX/bongo-00000000000879c9
2001 00000000000879ca 2 0 0001d0e6 1281120242 3699 /mail/INBOX/bongo-00000000000879ca
2001 00000000000879d6 2 0 0001d0e7 1281121287 850 /mail/INBOX/bongo-00000000000879d6
2001 00000000000879d9 2 0 0001d0e8 1281122181 3433 /mail/INBOX/bongo-00000000000879d9
2001 00000000000879df 2 0 0001d0e9 1281126562 2688 /mail/INBOX/bongo-00000000000879df
2001 00000000000879e5 2 0 0001d0ea 1281137017 2517 /mail/INBOX/bongo-00000000000879e5
2001 00000000000879ec 2 0 0001d0eb 1281155680 866 /mail/INBOX/bongo-00000000000879ec
2001 00000000000879ed 2 0 0001d0ec 1281160142 6727 /mail/INBOX/bongo-00000000000879ed
2001 00000000000879ef 2 0 0001d0ed 1281163534 3729 /mail/INBOX/bongo-00000000000879ef
2001 00000000000879f2 2 0 0001d0ee 1281168006 2192 /mail/INBOX/bongo-00000000000879f2
2001 00000000000879f4 2 0 0001d0ef 1281168018 2205 /mail/INBOX/bongo-00000000000879f4
2001 00000000000879fb 2 0 0001d0f0 1281175768 4201 /mail/INBOX/bongo-00000000000879fb
2001 00000000000879fc 2 0 0001d0f1 1281179270 869 /mail/INBOX/bongo-00000000000879fc
2001 00000000000879fd 2 0 0001d0f2 1281181104 2389 /mail/INBOX/bongo-00000000000879fd
2001 0000000000087a08 2 0 0001d0f3 1281190189 848 /mail/INBOX/bongo-0000000000087a08
2001 0000000000087a17 2 0 0001d0f4 1281213552 19174 /mail/INBOX/bongo-0000000000087a17
2001 0000000000087a1b 2 0 0001d0f5 1281215046 869 /mail/INBOX/bongo-0000000000087a1b
2001 0000000000087a1c 2 0 0001d0f6 1281216245 5449 /mail/INBOX/bongo-0000000000087a1c
2001 0000000000087a27 2 0 0001d0f7 1281224057 5106 /mail/INBOX/bongo-0000000000087a27
2001 0000000000087a39 2 0 0001d0f8 1281251755 858 /mail/INBOX/bongo-0000000000087a39
2001 0000000000087a46 2 0 0001d0f9 1281258128 4378 /mail/INBOX/bongo-0000000000087a46
2001 0000000000087a48 2 0 0001d0fa 1281259757 2594 /mail/INBOX/bongo-0000000000087a48
2001 0000000000087a4b 2 0 0001d0fb 1281261451 2068 /mail/INBOX/bongo-0000000000087a4b
2001 0000000000087a4d 2 0 0001d0fc 1281268325 6645 /mail/INBOX/bongo-0000000000087a4d
2001 0000000000087a4e 2 0 0001d0fd 1281269413 5846 /mail/INBOX/bongo-0000000000087a4e
2001 0000000000087a4f 2 0 0001d0fe 1281269629 2958 /mail/INBOX/bongo-0000000000087a4f
2001 0000000000087a50 2 0 0001d0ff 1281269847 2338 /mail/INBOX/bongo-0000000000087a50
2001 0000000000087a58 2 0 0001d100 1281279704 2593 /mail/INBOX/bongo-0000000000087a58
2001 0000000000087a5a 2 0 0001d101 1281280121 2906 /mail/INBOX/bongo-0000000000087a5a
2001 0000000000087a5c 2 0 0001d102 1281280664 2656 /mail/INBOX/bongo-0000000000087a5c
2001 0000000000087a5d 2 0 0001d103 1281281465 2729 /mail/INBOX/bongo-0000000000087a5d
2001 0000000000087a5e 2 0 0001d104 1281284077 859 /mail/INBOX/bongo-0000000000087a5e
2001 0000000000087a61 2 0 0001d105 1281286590 3302 /mail/INBOX/bongo-0000000000087a61
2001 0000000000087a62 2 0 0001d106 1281286895 3408 /mail/INBOX/bongo-0000000000087a62
2001 0000000000087a63 2 0 0001d107 1281287246 3092 /mail/INBOX/bongo-0000000000087a63
2001 0000000000087a64 2 0 0001d108 1281296469 3640 /mail/INBOX/bongo-0000000000087a64
2001 0000000000087a74 2 0 0001d109 1281317099 854 /mail/INBOX/bongo-0000000000087a74
2001 0000000000087a7e 2 0 0001d10a 1281336189 2289 /mail/INBOX/bongo-0000000000087a7e
2001 0000000000087a81 2 0 0001d10b 1281337734 3100 /mail/INBOX/bongo-0000000000087a81
2001 0000000000087a88 2 0 0001d10c 1281340831 2216 /mail/INBOX/bongo-0000000000087a88
2001 0000000000087a8a 2 0 0001d10d 1281341283 2725 /mail/INBOX/bongo-0000000000087a8a
2001 0000000000087a92 2 0 0001d10e 1281348836 852 /mail/INBOX/bongo-0000000000087a92
2001 0000000000087a93 2 0 0001d10f 1281351540 3106 /mail/INBOX/bongo-0000000000087a93
2001 0000000000087a98 2 0 0001d110 1281356789 3448 /mail/INBOX/bongo-0000000000087a98
2001 0000000000087abc 2 0 0001d111 1281376404 3472 /mail/INBOX/bongo-0000000000087abc
2001 0000000000087ac0 2 0 0001d112 1281379215 870 /mail/INBOX/bongo-0000000000087ac0
2001 0000000000087ac5 2 0 0001d113 1281387870 3093 /mail/INBOX/bongo-0000000000087ac5
2001 0000000000087ad3 2 0 0001d114 1281403204 7160 /mail/INBOX/bongo-0000000000087ad3
2001 0000000000087adb 2 0 0001d115 1281410661 16831 /mail/INBOX/bongo-0000000000087adb
2001 0000000000087ae2 2 0 0001d116 1281422900 854 /mail/INBOX/bongo-0000000000087ae2
2001 0000000000087ae6 2 0 0001d117 1281429543 7026 /mail/INBOX/bongo-0000000000087ae6
2001 0000000000087aea 2 0 0001d118 1281433720 5526 /mail/INBOX/bongo-0000000000087aea
2001 0000000000087afe 2 0 0001d119 1281448126 6056 /mail/INBOX/bongo-0000000000087afe
2001 0000000000087b07 2 0 0001d11a 1281454148 847 /mail/INBOX/bongo-0000000000087b07
2001 0000000000087b08 2 0 0001d11b 1281455626 15019 /mail/INBOX/bongo-0000000000087b08
2001 0000000000087b0e 2 0 0001d11c 1281462644 4372 /mail/INBOX/bongo-0000000000087b0e
2001 0000000000087b13 2 0 0001d11d 1281467498 3411 /mail/INBOX/bongo-0000000000087b13
2001 0000000000087b31 2 0 0001d11e 1281498502 2743 /mail/INBOX/bongo-0000000000087b31
2001 0000000000087b33 2 0 0001d11f 1281499572 852 /mail/INBOX/bongo-0000000000087b33
2001 0000000000087b34 2 0 0001d120 1281500508 3878 /mail/INBOX/bongo-0000000000087b34
2001 0000000000087b4f 2 0 0001d121 1281516630 4124 /mail/INBOX/bongo-0000000000087b4f
2001 0000000000087b51 2 0 0001d122 1281517407 4087 /mail/INBOX/bongo-0000000000087b51
2001 0000000000087b5f 2 0 0001d123 1281531486 5907 /mail/INBOX/bongo-0000000000087b5f
2001 0000000000087b60 2 0 0001d124 1281532122 1002 /mail/INBOX/bongo-0000000000087b60
2001 0000000000087b62 2 0 0001d125 1281534575 5695 /mail/INBOX/bongo-0000000000087b62
2001 0000000000087b6f 2 0 0001d126 1281540596 2488 /mail/INBOX/bongo-0000000000087b6f
2001 0000000000087b71 2 0 0001d127 1281541687 2976 /mail/INBOX/bongo-0000000000087b71
2001 0000000000087b7a 2 0 0001d128 1281542386 3188 /mail/INBOX/bongo-0000000000087b7a
2001 0000000000087b8a 2 0 0001d129 1281551177 3515 /mail/INBOX/bongo-0000000000087b8a
2001 0000000000087b91 2 0 0001d12a 1281560709 4959 /mail/INBOX/bongo-0000000000087b91
2001 0000000000087b94 2 0 0001d12b 1281561349 2579 /mail/INBOX/bongo-0000000000087b94
2001 0000000000087b96 2 0 0001d12c 1281562686 2963 /mail/INBOX/bongo-0000000000087b96
2001 0000000000087b98 2 0 0001d12d 1281562824 4395 /mail/INBOX/bongo-0000000000087b98
2001 0000000000087b9a 2 0 0001d12e 1281563120 2137 /mail/INBOX/bongo-0000000000087b9a
2001 0000000000087b9c 2 0 0001d12f 1281563435 2889 /mail/INBOX/bongo-0000000000087b9c
2001 0000000000087b9d 2 0 0001d130 1281563849 2651 /mail/INBOX/bongo-0000000000087b9d
2001 0000000000087b9e 2 0 0001d131 1281564033 2724 /mail/INBOX/bongo-0000000000087b9e
2001 0000000000087b9f 2 0 0001d132 1281564512 3400 /mail/INBOX/bongo-0000000000087b9f
2001 0000000000087ba6 2 0 0001d133 1281567383 2243 /mail/INBOX/bongo-0000000000087ba6
2001 0000000000087baa 2 0 0001d134 1281568516 2248 /mail/INBOX/bongo-0000000000087baa
2001 0000000000087baf 2 0 0001d135 1281570663 2470 /mail/INBOX/bongo-0000000000087baf
2001 0000000000087bb1 2 0 0001d136 1281575001 867 /mail/INBOX/bongo-0000000000087bb1
2001 0000000000087bb6 2 0 0001d137 1281581180 2815 /mail/INBOX/bongo-0000000000087bb6
2001 0000000000087bbb 2 0 0001d138 1281595632 2375 /mail/INBOX/bongo-0000000000087bbb
2001 0000000000087bc2 2 0 0001d139 1281604189 3791 /mail/INBOX/bongo-0000000000087bc2
2001 0000000000087be1 2 0 0001d13a 1281615123 868 /mail/INBOX/bongo-0000000000087be1
2001 0000000000087bf3 2 0 0001d13b 1281621106 2471 /mail/INBOX/bongo-0000000000087bf3
2001 0000000000087c1b 2 0 0001d13c 1281633109 2716 /mail/INBOX/bongo-0000000000087c1b
2001 0000000000087c1d 2 0 0001d13d 1281634201 3245 /mail/INBOX/bongo-0000000000087c1d
2001 0000000000087c26 2 0 0001d13e 1281637923 16356 /mail/INBOX/bongo-0000000000087c26
2001 0000000000087c2e 2 0 0001d13f 1281638885 2800 /mail/INBOX/bongo-0000000000087c2e
2001 0000000000087c35 2 0 0001d140 1281640027 3344 /mail/INBOX/bongo-0000000000087c35
2001 0000000000087c3a 2 0 0001d141 1281641087 4223 /mail/INBOX/bongo-0000000000087c3a
2001 0000000000087c45 2 0 0001d142 1281644593 3139 /mail/INBOX/bongo-0000000000087c45
2001 0000000000087c57 2 0 0001d143 1281655985 845 /mail/INBOX/bongo-0000000000087c57
2001 0000000000087c65 2 0 0001d144 1281671283 3110 /mail/INBOX/bongo-0000000000087c65
2001 0000000000087c66 2 0 0001d145 1281671614 2795 /mail/INBOX/bongo-0000000000087c66
2001 0000000000087c6c 2 0 0001d146 1281672980 3189 /mail/INBOX/bongo-0000000000087c6c
2001 0000000000087c71 2 0 0001d147 1281687303 2371 /mail/INBOX/bongo-0000000000087c71
2001 0000000000087c74 2 0 0001d148 1281690504 3130 /mail/INBOX/bongo-0000000000087c74
2001 0000000000087c79 2 0 0001d149 1281691575 3904 /mail/INBOX/bongo-0000000000087c79
2001 0000000000087c7a 2 0 0001d14a 1281692026 3051 /mail/INBOX/bongo-0000000000087c7a
2001 0000000000087c7b 2 0 0001d14b 1281692332 3257 /mail/INBOX/bongo-0000000000087c7b
2001 0000000000087c7e 2 0 0001d14c 1281693477 3436 /mail/INBOX/bongo-0000000000087c7e
2001 0000000000087c80 2 0 0001d14d 1281696120 4176 /mail/INBOX/bongo-0000000000087c80
2001 0000000000087c81 2 0 0001d14e 1281697220 2745 /mail/INBOX/bongo-0000000000087c81
2001 0000000000087c83 2 0 0001d14f 1281697281 868 /mail/INBOX/bongo-0000000000087c83
2001 0000000000087c87 2 0 0001d150 1281697606 3287 /mail/INBOX/bongo-0000000000087c87
2001 0000000000087c88 2 0 0001d151 1281698071 3165 /mail/INBOX/bongo-0000000000087c88
2001 0000000000087c92 2 0 0001d152 1281699977 2842 /mail/INBOX/bongo-0000000000087c92
2001 0000000000087caa 2 0 0001d153 1281712934 3552 /mail/INBOX/bongo-0000000000087caa
2001 0000000000087cab 2 0 0001d154 1281713136 3325 /mail/INBOX/bongo-0000000000087cab
2001 0000000000087cae 2 0 0001d155 1281713311 3218 /mail/INBOX/bongo-0000000000087cae
2001 0000000000087cb5 2 0 0001d156 1281713745 5106 /mail/INBOX/bongo-0000000000087cb5
2001 0000000000087cb7 2 0 0001d157 1281713927 4027 /mail/INBOX/bongo-0000000000087cb7
2001 0000000000087cba 2 0 0001d158 1281714961 3301 /mail/INBOX/bongo-0000000000087cba
2001 0000000000087cc0 2 0 0001d159 1281716677 4238 /mail/INBOX/bongo-0000000000087cc0
2001 0000000000087cc7 2 0 0001d15a 1281717539 2585 /mail/INBOX/bongo-0000000000087cc7
2001 0000000000087cc9 2 0 0001d15b 1281718143 2535 /mail/INBOX/bongo-0000000000087cc9
2001 0000000000087cd4 2 0 0001d15c 1281722475 3601 /mail/INBOX/bongo-0000000000087cd4
2001 0000000000087cd7 2 0 0001d15d 1281723842 3044 /mail/INBOX/bongo-0000000000087cd7
2001 0000000000087ce3 2 0 0001d15e 1281728467 3105 /mail/INBOX/bongo-0000000000087ce3
2001 0000000000087ce7 2 0 0001d15f 1281730598 3640 /mail/INBOX/bongo-0000000000087ce7
2001 0000000000087ceb 2 0 0001d160 1281731857 15485 /mail/INBOX/bongo-0000000000087ceb
2001 0000000000087cef 2 0 0001d161 1281735958 843 /mail/INBOX/bongo-0000000000087cef
2001 0000000000087cf2 2 0 0001d162 1281737360 3713 /mail/INBOX/bongo-0000000000087cf2
2001 0000000000087cf6 2 0 0001d163 1281743020 2885 /mail/INBOX/bongo-0000000000087cf6
2001 0000000000087cf7 2 0 0001d164 1281745120 2597 /mail/INBOX/bongo-0000000000087cf7
2001 0000000000087cf8 2 0 0001d165 1281746137 2553 /mail/INBOX/bongo-0000000000087cf8
2001 0000000000087cfb 2 0 0001d166 1281746647 3393 /mail/INBOX/bongo-0000000000087cfb
2001 0000000000087cfc 2 0 0001d167 1281747459 3735 /mail/INBOX/bongo-0000000000087cfc
2001 0000000000087d03 2 0 0001d168 1281753358 2548 /mail/INBOX/bongo-0000000000087d03
2001 0000000000087d08 2 0 0001d169 1281772805 2192 /mail/INBOX/bongo-0000000000087d08
2001 0000000000087d09 2 2 0001d16a 1281772817 2205 /mail/INBOX/bongo-0000000000087d09
2001 0000000000087d0c 2 2 0001d16b 1281780595 4337 /mail/INBOX/bongo-0000000000087d0c
2001 0000000000087d1f 2 0 0001d16c 1281800664 3589 /mail/INBOX/bongo-0000000000087d1f
2001 0000000000087d2b 2 0 0001d16d 1281823002 2416 /mail/INBOX/bongo-0000000000087d2b
2001 0000000000087d32 2 0 0001d16e 1281848076 867 /mail/INBOX/bongo-0000000000087d32
2001 0000000000087d38 2 0 0001d16f 1281888460 4967 /mail/INBOX/bongo-0000000000087d38
2001 0000000000087d39 2 0 0001d170 1281888548 3435 /mail/INBOX/bongo-0000000000087d39
2001 0000000000087d3a 2 0 0001d171 1281888709 4164 /mail/INBOX/bongo-0000000000087d3a
2001 0000000000087d3b 2 0 0001d172 1281888747 5315 /mail/INBOX/bongo-0000000000087d3b
2001 0000000000087d3e 2 0 0001d173 1281889009 3680 /mail/INBOX/bongo-0000000000087d3e
2001 0000000000087d3f 2 0 0001d174 1281889059 4112 /mail/INBOX/bongo-0000000000087d3f
2001 0000000000087d40 2 0 0001d175 1281889083 3355 /mail/INBOX/bongo-0000000000087d40
2001 0000000000087d41 2 0 0001d176 1281889097 4329 /mail/INBOX/bongo-0000000000087d41
2001 0000000000087d42 2 0 0001d177 1281889152 3921 /mail/INBOX/bongo-0000000000087d42
2001 0000000000087d49 2 0 0001d178 1281892240 17013 /mail/INBOX/bongo-0000000000087d49
2001 0000000000087d4a 2 2 0001d179 1281893108 6255 /mail/INBOX/bongo-0000000000087d4a
2001 0000000000087d4d 2 0 0001d17a 1281897738 853 /mail/INBOX/bongo-0000000000087d4d
2001 0000000000087d51 2 0 0001d17b 1281899794 4251 /mail/INBOX/bongo-0000000000087d51
2001 0000000000087d5e 2 0 0001d17c 1281905042 3143 /mail/INBOX/bongo-0000000000087d5e
2001 0000000000087d68 2 0 0001d17d 1281908706 2320 /mail/INBOX/bongo-0000000000087d68
2001 0000000000087d69 2 0 0001d17e 1281909377 2994 /mail/INBOX/bongo-0000000000087d69
2001 0000000000087d7f 2 2 0001d17f 1281945605 2216 /mail/INBOX/bongo-0000000000087d7f
2001 0000000000087d86 2 0 0001d180 1281950640 850 /mail/INBOX/bongo-0000000000087d86
2001 0000000000087d8e 2 0 0001d181 1281961951 3422 /mail/INBOX/bongo-0000000000087d8e
2001 0000000000087d95 2 0 0001d182 1281964631 4633 /mail/INBOX/bongo-0000000000087d95
2001 0000000000087d97 2 0 0001d183 1281964721 4491 /mail/INBOX/bongo-0000000000087d97
2001 0000000000087d9c 2 0 0001d184 1281972347 3358 /mail/INBOX/bongo-0000000000087d9c
2001 0000000000087db1 2 0 0001d185 1281980404 2234 /mail/INBOX/bongo-0000000000087db1
2001 0000000000087dc3 2 0 0001d186 1281983496 3284 /mail/INBOX/bongo-0000000000087dc3
2001 0000000000087dcd 2 0 0001d187 1281988543 2334 /mail/INBOX/bongo-0000000000087dcd
2001 0000000000087dd2 2 0 0001d188 1281990251 3948 /mail/INBOX/bongo-0000000000087dd2
2001 0000000000087de2 2 0 0001d189 1282008627 3717 /mail/INBOX/bongo-0000000000087de2
2001 0000000000087de5 2 0 0001d18a 1282014377 3693 /mail/INBOX/bongo-0000000000087de5
2001 0000000000087de6 2 0 0001d18b 1282014654 3263 /mail/INBOX/bongo-0000000000087de6
2001 0000000000087ded 2 0 0001d18c 1282015159 3619 /mail/INBOX/bongo-0000000000087ded
2001 0000000000087dee 2 0 0001d18d 1282017397 3109 /mail/INBOX/bongo-0000000000087dee
2001 0000000000087df6 2 0 0001d18e 1282032338 3067 /mail/INBOX/bongo-0000000000087df6
2001 0000000000087e0b 2 0 0001d18f 1282041085 17003 /mail/INBOX/bongo-0000000000087e0b
2001 0000000000087e0e 2 0 0001d190 1282042491 3270 /mail/INBOX/bongo-0000000000087e0e
2001 0000000000087e0f 2 0 0001d191 1282043220 2171 /mail/INBOX/bongo-0000000000087e0f
2001 0000000000087e1d 2 0 0001d192 1282051944 3394 /mail/INBOX/bongo-0000000000087e1d
2001 0000000000087e1e 2 0 0001d193 1282052304 2291 /mail/INBOX/bongo-0000000000087e1e
2001 0000000000087e21 2 0 0001d194 1282053531 3923 /mail/INBOX/bongo-0000000000087e21
2001 0000000000087e23 2 0 0001d195 1282053639 3235 /mail/INBOX/bongo-0000000000087e23
2001 0000000000087e25 2 0 0001d196 1282053827 3029 /mail/INBOX/bongo-0000000000087e25
2001 0000000000087e2a 2 0 0001d197 1282053984 4670 /mail/INBOX/bongo-0000000000087e2a
2001 0000000000087e2c 2 0 0001d198 1282054174 4247 /mail/INBOX/bongo-0000000000087e2c
2001 0000000000087e2d 2 0 0001d199 1282054373 3551 /mail/INBOX/bongo-0000000000087e2d
2001 0000000000087e2f 2 0 0001d19a 1282054567 3717 /mail/INBOX/bongo-0000000000087e2f
2001 0000000000087e37 2 0 0001d19b 1282055613 3939 /mail/INBOX/bongo-0000000000087e37
2001 0000000000087e3c 2 0 0001d19c 1282059736 4665 /mail/INBOX/bongo-0000000000087e3c
2001 0000000000087e42 2 0 0001d19d 1282061200 2938 /mail/INBOX/bongo-0000000000087e42
2001 0000000000087e58 2 0 0001d19e 1282078417 3453 /mail/INBOX/bongo-0000000000087e58
2001 0000000000087e59 2 0 0001d19f 1282079030 5686 /mail/INBOX/bongo-0000000000087e59
2001 0000000000087e6d 2 0 0001d1a0 1282091669 3044 /mail/INBOX/bongo-0000000000087e6d
2001 0000000000087e7c 2 0 0001d1a1 1282105823 5528 /mail/INBOX/bongo-0000000000087e7c
2001 0000000000087e83 2 0 0001d1a2 1282113603 210781 /mail/INBOX/bongo-0000000000087e83
2001 0000000000087e93 2 0 0001d1a3 1282123938 1780 /mail/INBOX/bongo-0000000000087e93
2001 0000000000087eb0 2 0 0001d1a4 1282137983 3350 /mail/INBOX/bongo-0000000000087eb0
2001 0000000000087eb2 2 0 0001d1a5 1282138106 3117 /mail/INBOX/bongo-0000000000087eb2
2001 0000000000087eb3 2 0 0001d1a6 1282138413 2652 /mail/INBOX/bongo-0000000000087eb3
2001 0000000000087eca 2 0 0001d1a7 1282146274 3308 /mail/INBOX/bongo-0000000000087eca
2001 0000000000087ed2 2 0 0001d1a8 1282147662 4021 /mail/INBOX/bongo-0000000000087ed2
2001 0000000000087ee7 2 0 0001d1a9 1282153259 3612 /mail/INBOX/bongo-0000000000087ee7
2001 0000000000087eea 2 0 0001d1aa 1282154132 3773 /mail/INBOX/bongo-0000000000087eea
2001 0000000000087f05 2 0 0001d1ab 1282158439 4780 /mail/INBOX/bongo-0000000000087f05
2001 0000000000087f23 2 0 0001d1ac 1282161822 3832 /mail/INBOX/bongo-0000000000087f23
2001 0000000000087f3c 2 0 0001d1ad 1282174066 4248 /mail/INBOX/bongo-0000000000087f3c
2001 0000000000087f40 2 0 0001d1ae 1282177339 16181 /mail/INBOX/bongo-0000000000087f40
2001 0000000000087f59 2 0 0001d1af 1282205487 5916 /mail/INBOX/bongo-0000000000087f59
2001 0000000000087f65 2 0 0001d1b0 1282209564 4356 /mail/INBOX/bongo-0000000000087f65
2001 0000000000087f66 2 0 0001d1b1 1282214031 5969 /mail/INBOX/bongo-0000000000087f66
2001 0000000000087f69 2 0 0001d1b2 1282217110 6900 /mail/INBOX/bongo-0000000000087f69
2001 0000000000087f73 2 0 0001d1b3 1282222597 4072 /mail/INBOX/bongo-0000000000087f73
2001 0000000000087f84 2 0 0001d1b4 1282226647 3390 /mail/INBOX/bongo-0000000000087f84
2001 0000000000087fd4 2 0 0001d1b5 1282256071 3381 /mail/INBOX/bongo-0000000000087fd4
2001 0000000000087fe3 2 0 0001d1b6 1282263124 2583 /mail/INBOX/bongo-0000000000087fe3
2001 0000000000087ff4 2 0 0001d1b7 1282271619 2044 /mail/INBOX/bongo-0000000000087ff4
2001 0000000000087ffb 2 0 0001d1b8 1282274530 3546 /mail/INBOX/bongo-0000000000087ffb
2001 0000000000087ffd 2 0 0001d1b9 1282278823 4470 /mail/INBOX/bongo-0000000000087ffd
2001 0000000000087ffe 2 0 0001d1ba 1282288587 3849 /mail/INBOX/bongo-0000000000087ffe
2001 0000000000088008 2 0 0001d1bb 1282295588 2743 /mail/INBOX/bongo-0000000000088008
2001 000000000008801e 2 0 0001d1bc 1282309390 2779 /mail/INBOX/bongo-000000000008801e
2001 0000000000088043 2 0 0001d1bd 1282322963 17818 /mail/INBOX/bongo-0000000000088043
2001 0000000000088059 2 0 0001d1be 1282333987 3308 /mail/INBOX/bongo-0000000000088059
2001 000000000008805f 2 0 0001d1bf 1282337505 3293 /mail/INBOX/bongo-000000000008805f
2001 0000000000088060 2 0 0001d1c0 1282337879 2743 /mail/INBOX/bongo-0000000000088060
2001 0000000000088065 2 0 0001d1c1 1282341465 3354 /mail/INBOX/bongo-0000000000088065
2001 0000000000088069 2 0 0001d1c2 1282344756 4159 /mail/INBOX/bongo-0000000000088069
2001 000000000008806a 2 0 0001d1c3 1282346978 2687 /mail/INBOX/bongo-000000000008806a
2001 000000000008806b 2 0 0001d1c4 1282347153 2873 /mail/INBOX/bongo-000000000008806b
2001 000000000008807b 2 2 0001d1c5 1282407686 3295 /mail/INBOX/bongo-000000000008807b
2001 0000000000088082 2 2 0001d1c6 1282410813 4528 /mail/INBOX/bongo-0000000000088082
2001 0000000000088089 2 2 0001d1c7 1282416632 3996 /mail/INBOX/bongo-0000000000088089
2001 000000000008808b 2 2 0001d1c8 1282416657 1192 /mail/INBOX/bongo-000000000008808b
2001 0000000000088091 2 2 0001d1c9 1282418323 1182 /mail/INBOX/bongo-0000000000088091
2001 00000000000880a5 2 2 0001d1ca 1282437215 2440 /mail/INBOX/bongo-00000000000880a5
2001 00000000000880bc 2 2 0001d1cb 1282471221 19324 /mail/INBOX/bongo-00000000000880bc
2001 00000000000880bd 2 2 0001d1cc 1282471966 4184 /mail/INBOX/bongo-00000000000880bd
2001 00000000000880be 2 0 0001d1cd 1282476032 2566 /mail/INBOX/bongo-00000000000880be
2001 00000000000880bf 2 0 0001d1ce 1282480525 3798 /mail/INBOX/bongo-00000000000880bf
2001 00000000000880c3 2 2 0001d1cf 1282497601 2336 /mail/INBOX/bongo-00000000000880c3
2001 00000000000880c5 2 2 0001d1d0 1282497623 2364 /mail/INBOX/bongo-00000000000880c5
2001 00000000000880c8 2 0 0001d1d1 1282497689 2563 /mail/INBOX/bongo-00000000000880c8
2001 00000000000880d2 2 0 0001d1d2 1282497700 2591 /mail/INBOX/bongo-00000000000880d2
2001 0000000000088130 2 0 0001d1d3 1282500947 3939 /mail/INBOX/bongo-0000000000088130
1000 OK