2001 0000000000000006 4096 0 0001d1d3 1269988951 0 /mail/INBOX
2001 0000000000000007 4096 0 00000000 1269988951 0 /mail/drafts
2001 0000000000000008 4096 0 00000000 1269988951 0 /mail/archives
2001 0000000000000010 4096 0 00000118 0 0 /mail/Trash
2001 00000000000000a9 4096 0 00000000 0 0 /mail/Drafts
2001 0000000000000e28 4096 0 00000000 0 0 /mail/Sent
2001 0000000000000e2d 4096 0 00048bde 0 0 /mail/Ubuntu-Bugs
2001 0000000000001506 4096 0 0000004c 0 0 /mail/Ubuntu-Universe
2001 0000000000001535 4096 0 000096cb 0 0 /mail/Ubuntu-Desktop
2001 00000000000015e1 4096 0 00000000 0 0 /mail/Ubuntu-Patches
2001 0000000000002515 4096 0 00001138 0 0 /mail/gcc
2001 0000000000002519 4096 0 000015bb 0 0 /mail/cygwin
2001 00000000000054e2 4096 0 000003a4 0 0 /mail/mailscanner
2001 0000000000005505 4096 0 00000251 0 0 /mail/freecycle
2001 0000000000087651 4096 0 00000000 0 0 /mail/Test
